3500 1 1
  5965  1
  5978  1
  5982  1
  5987  1
  5988  1
  5991  3
  5992  2
  5993  1
  5994  1
  5995  1
  5996  2
  5997  1
  5998  5
  5999  2
  6000  2
  6001  5
  6002  2
  6003  5
  6004  6
  6005  8
  6006  8
  6007  10
  6008  9
  6009  4
  6010  10
  6011  9
  6012  16
  6013  14
  6014  14
  6015  13
  6016  16
  6017  16
  6018  33
  6019  18
  6020  31
  6021  26
  6022  19
  6023  32
  6024  25
  6025  29
  6026  39
  6027  49
  6028  48
  6029  41
  6030  48
  6031  46
  6032  56
  6033  61
  6034  66
  6035  68
  6036  68
  6037  66
  6038  79
  6039  70
  6040  84
  6041  84
  6042  80
  6043  92
  6044  93
  6045  110
  6046  103
  6047  104
  6048  116
  6049  111
  6050  111
  6051  121
  6052  118
  6053  123
  6054  139
  6055  149
  6056  161
  6057  144
  6058  131
  6059  152
  6060  127
  6061  140
  6062  161
  6063  153
  6064  143
  6065  173
  6066  164
  6067  161
  6068  170
  6069  160
  6070  135
  6071  144
  6072  162
  6073  177
  6074  151
  6075  139
  6076  148
  6077  140
  6078  159
  6079  145
  6080  128
  6081  129
  6082  155
  6083  150
  6084  113
  6085  131
  6086  135
  6087  117
  6088  118
  6089  109
  6090  117
  6091  101
  6092  102
  6093  94
  6094  92
  6095  100
  6096  86
  6097  83
  6098  88
  6099  99
  6100  71
  6101  67
  6102  78
  6103  67
  6104  61
  6105  61
  6106  46
  6107  47
  6108  48
  6109  47
  6110  50
  6111  38
  6112  33
  6113  36
  6114  21
  6115  26
  6116  30
  6117  20
  6118  11
  6119  36
  6120  12
  6121  18
  6122  13
  6123  11
  6124  12
  6125  10
  6126  10
  6127  8
  6128  10
  6129  10
  6130  7
  6131  13
  6132  8
  6133  6
  6134  9
  6135  5
  6136  6
  6137  3
  6138  5
  6139  2
  6140  5
  6141  2
  6142  2
  6143  3
  6145  1
  6146  1
  6147  1
  6148  1
  6152  1
  6155  1
  6158  2
  6159  1
  6160  1
  11019  1
  11029  1
  11035  2
  11036  2
  11037  1
  11038  1
  11041  1
  11044  1
  11046  1
  11047  4
  11048  1
  11049  4
  11050  3
  11051  3
  11052  5
  11053  4
  11054  2
  11055  6
  11056  9
  11057  4
  11058  6
  11059  4
  11060  8
  11061  5
  11062  4
  11063  14
  11064  13
  11065  19
  11066  15
  11067  17
  11068  10
  11069  20
  11070  21
  11071  35
  11072  20
  11073  12
  11074  26
  11075  38
  11076  35
  11077  41
  11078  58
  11079  49
  11080  55
  11081  42
  11082  56
  11083  64
  11084  60
  11085  73
  11086  81
  11087  72
  11088  71
  11089  94
  11090  90
  11091  104
  11092  99
  11093  111
  11094  105
  11095  140
  11096  139
  11097  144
  11098  154
  11099  131
  11100  179
  11101  155
  11102  175
  11103  198
  11104  165
  11105  187
  11106  198
  11107  196
  11108  217
  11109  217
  11110  249
  11111  208
  11112  202
  11113  233
  11114  228
  11115  263
  11116  250
  11117  253
  11118  235
  11119  272
  11120  254
  11121  274
  11122  281
  11123  268
  11124  287
  11125  256
  11126  291
  11127  297
  11128  297
  11129  260
  11130  281
  11131  263
  11132  252
  11133  269
  11134  266
  11135  288
  11136  237
  11137  238
  11138  240
  11139  246
  11140  193
  11141  266
  11142  260
  11143  237
  11144  225
  11145  227
  11146  196
  11147  200
  11148  165
  11149  176
  11150  175
  11151  202
  11152  150
  11153  169
  11154  171
  11155  154
  11156  118
  11157  128
  11158  121
  11159  119
  11160  120
  11161  88
  11162  108
  11163  95
  11164  94
  11165  88
  11166  81
  11167  70
  11168  79
  11169  72
  11170  61
  11171  65
  11172  51
  11173  50
  11174  55
  11175  46
  11176  33
  11177  35
  11178  32
  11179  36
  11180  31
  11181  22
  11182  23
  11183  18
  11184  26
  11185  14
  11186  20
  11187  17
  11188  17
  11189  22
  11190  10
  11191  11
  11192  11
  11193  8
  11194  8
  11195  9
  11196  8
  11197  13
  11198  4
  11199  2
  11200  3
  11201  4
  11202  1
  11203  4
  11204  3
  11205  2
  11206  3
  11207  1
  11208  1
  11209  2
  11210  1
  11212  1
  11213  1
  11214  1
  11215  1
  11216  1
  11218  1
  59645  1
  59653  1
  59657  1
  59661  3
  59662  1
  59665  1
  59666  1
  59668  4
  59669  5
  59670  3
  59671  3
  59672  5
  59673  8
  59674  6
  59675  3
  59676  5
  59677  5
  59678  7
  59679  14
  59680  10
  59681  12
  59682  12
  59683  13
  59684  13
  59685  8
  59686  26
  59687  18
  59688  24
  59689  26
  59690  28
  59691  29
  59692  32
  59693  46
  59694  47
  59695  46
  59696  67
  59697  70
  59698  83
  59699  77
  59700  99
  59701  107
  59702  79
  59703  104
  59704  133
  59705  130
  59706  137
  59707  153
  59708  186
  59709  179
  59710  198
  59711  216
  59712  232
  59713  245
  59714  256
  59715  299
  59716  320
  59717  326
  59718  340
  59719  377
  59720  365
  59721  398
  59722  399
  59723  498
  59724  464
  59725  516
  59726  553
  59727  497
  59728  560
  59729  605
  59730  643
  59731  649
  59732  656
  59733  706
  59734  746
  59735  738
  59736  776
  59737  825
  59738  857
  59739  783
  59740  865
  59741  925
  59742  950
  59743  948
  59744  976
  59745  936
  59746  1022
  59747  1109
  59748  1085
  59749  1089
  59750  1083
  59751  1087
  59752  1076
  59753  1119
  59754  1088
  59755  1108
  59756  1150
  59757  1086
  59758  1075
  59759  1149
  59760  1121
  59761  1068
  59762  1098
  59763  1064
  59764  1060
  59765  1044
  59766  1068
  59767  1039
  59768  973
  59769  975
  59770  925
  59771  927
  59772  935
  59773  920
  59774  831
  59775  833
  59776  788
  59777  760
  59778  783
  59779  803
  59780  624
  59781  688
  59782  703
  59783  636
  59784  643
  59785  589
  59786  536
  59787  517
  59788  500
  59789  477
  59790  466
  59791  436
  59792  424
  59793  382
  59794  356
  59795  330
  59796  292
  59797  279
  59798  301
  59799  257
  59800  258
  59801  255
  59802  211
  59803  197
  59804  168
  59805  172
  59806  162
  59807  123
  59808  142
  59809  109
  59810  117
  59811  106
  59812  89
  59813  79
  59814  73
  59815  64
  59816  86
  59817  69
  59818  53
  59819  46
  59820  26
  59821  37
  59822  41
  59823  36
  59824  41
  59825  20
  59826  18
  59827  23
  59828  16
  59829  16
  59830  24
  59831  6
  59832  18
  59833  14
  59834  11
  59835  12
  59836  8
  59837  7
  59838  9
  59839  6
  59840  2
  59841  2
  59842  3
  59843  6
  59844  2
  59845  4
  59846  1
  59847  2
  59848  2
  59849  1
  59853  1
  59854  1
  59860  1
  59861  1
  105421  1
  105426  1
  105434  1
  105435  1
  105440  3
  105441  1
  105442  1
  105443  1
  105444  3
  105445  1
  105446  2
  105447  2
  105448  2
  105449  7
  105450  1
  105451  6
  105452  6
  105453  4
  105454  1
  105455  8
  105456  6
  105457  9
  105458  12
  105459  8
  105460  9
  105461  12
  105462  10
  105463  17
  105464  15
  105465  22
  105466  17
  105467  19
  105468  25
  105469  26
  105470  38
  105471  30
  105472  33
  105473  45
  105474  46
  105475  41
  105476  40
  105477  40
  105478  41
  105479  46
  105480  46
  105481  62
  105482  70
  105483  65
  105484  72
  105485  80
  105486  58
  105487  103
  105488  73
  105489  103
  105490  98
  105491  96
  105492  111
  105493  93
  105494  129
  105495  144
  105496  136
  105497  138
  105498  137
  105499  137
  105500  150
  105501  159
  105502  181
  105503  165
  105504  169
  105505  184
  105506  181
  105507  187
  105508  181
  105509  196
  105510  188
  105511  186
  105512  213
  105513  214
  105514  205
  105515  199
  105516  229
  105517  222
  105518  208
  105519  236
  105520  210
  105521  226
  105522  243
  105523  212
  105524  235
  105525  195
  105526  231
  105527  231
  105528  207
  105529  244
  105530  218
  105531  211
  105532  199
  105533  188
  105534  202
  105535  182
  105536  176
  105537  181
  105538  165
  105539  162
  105540  174
  105541  157
  105542  131
  105543  138
  105544  139
  105545  122
  105546  137
  105547  128
  105548  142
  105549  124
  105550  127
  105551  114
  105552  91
  105553  105
  105554  95
  105555  88
  105556  99
  105557  84
  105558  87
  105559  73
  105560  73
  105561  55
  105562  56
  105563  60
  105564  63
  105565  55
  105566  57
  105567  35
  105568  45
  105569  35
  105570  28
  105571  29
  105572  31
  105573  37
  105574  28
  105575  20
  105576  22
  105577  28
  105578  22
  105579  14
  105580  22
  105581  19
  105582  12
  105583  10
  105584  14
  105585  4
  105586  15
  105587  10
  105588  9
  105589  7
  105590  4
  105591  7
  105592  4
  105593  3
  105594  3
  105595  3
  105596  1
  105597  2
  105598  2
  105599  2
  105600  2
  105601  1
  105602  1
  105603  1
  105604  1
  105605  1
  105606  3
  105607  1
  105609  1
  105618  1
  105619  1
  239901  1
  239919  1
  239920  1
  239921  1
  239922  2
  239923  1
  239924  1
  239925  1
  239927  2
  239928  1
  239929  3
  239931  1
  239932  1
  239933  3
  239934  5
  239935  2
  239936  4
  239937  2
  239938  3
  239939  3
  239940  3
  239941  1
  239942  5
  239943  2
  239944  5
  239945  4
  239946  1
  239947  11
  239948  13
  239949  9
  239950  11
  239951  9
  239952  14
  239953  11
  239954  14
  239955  13
  239956  22
  239957  17
  239958  17
  239959  21
  239960  25
  239961  25
  239962  28
  239963  25
  239964  27
  239965  33
  239966  29
  239967  40
  239968  44
  239969  38
  239970  33
  239971  43
  239972  35
  239973  63
  239974  50
  239975  47
  239976  46
  239977  59
  239978  63
  239979  64
  239980  81
  239981  67
  239982  80
  239983  83
  239984  91
  239985  79
  239986  91
  239987  89
  239988  108
  239989  91
  239990  85
  239991  92
  239992  111
  239993  113
  239994  99
  239995  109
  239996  113
  239997  119
  239998  102
  239999  100
  240000  109
  240001  127
  240002  116
  240003  119
  240004  126
  240005  140
  240006  102
  240007  120
  240008  85
  240009  106
  240010  109
  240011  100
  240012  124
  240013  108
  240014  118
  240015  101
  240016  106
  240017  103
  240018  107
  240019  96
  240020  93
  240021  103
  240022  75
  240023  84
  240024  89
  240025  71
  240026  102
  240027  82
  240028  68
  240029  86
  240030  72
  240031  81
  240032  59
  240033  72
  240034  75
  240035  61
  240036  50
  240037  52
  240038  62
  240039  47
  240040  54
  240041  43
  240042  39
  240043  41
  240044  31
  240045  33
  240046  24
  240047  28
  240048  32
  240049  33
  240050  20
  240051  20
  240052  22
  240053  18
  240054  15
  240055  16
  240056  14
  240057  12
  240058  16
  240059  18
  240060  12
  240061  12
  240062  10
  240063  3
  240064  8
  240065  12
  240066  5
  240067  6
  240068  3
  240069  4
  240070  5
  240071  5
  240072  4
  240073  2
  240074  3
  240075  1
  240076  6
  240077  3
  240078  1
  240079  3
  240080  2
  240082  1
  240083  1
  240086  1
  240091  1
  240095  1
  240096  1
  240097  1
  240101  1
  242136  1
  242149  1
  242158  1
  242161  1
  242162  2
  242163  1
  242166  2
  242167  6
  242168  3
  242169  6
  242170  4
  242171  3
  242172  6
  242173  9
  242174  3
  242175  1
  242176  6
  242177  10
  242178  7
  242179  11
  242180  8
  242181  8
  242182  7
  242183  13
  242184  21
  242185  21
  242186  20
  242187  32
  242188  26
  242189  30
  242190  38
  242191  35
  242192  31
  242193  34
  242194  38
  242195  47
  242196  54
  242197  62
  242198  57
  242199  69
  242200  58
  242201  92
  242202  85
  242203  98
  242204  85
  242205  103
  242206  111
  242207  133
  242208  145
  242209  143
  242210  135
  242211  159
  242212  153
  242213  163
  242214  198
  242215  193
  242216  190
  242217  234
  242218  251
  242219  234
  242220  266
  242221  247
  242222  244
  242223  283
  242224  308
  242225  296
  242226  289
  242227  324
  242228  331
  242229  322
  242230  348
  242231  360
  242232  392
  242233  387
  242234  370
  242235  399
  242236  394
  242237  396
  242238  393
  242239  409
  242240  431
  242241  427
  242242  422
  242243  439
  242244  428
  242245  410
  242246  468
  242247  432
  242248  461
  242249  426
  242250  466
  242251  422
  242252  426
  242253  446
  242254  448
  242255  429
  242256  388
  242257  397
  242258  382
  242259  408
  242260  414
  242261  432
  242262  385
  242263  384
  242264  340
  242265  342
  242266  354
  242267  351
  242268  302
  242269  307
  242270  281
  242271  270
  242272  242
  242273  257
  242274  254
  242275  241
  242276  235
  242277  240
  242278  225
  242279  199
  242280  185
  242281  159
  242282  177
  242283  142
  242284  137
  242285  160
  242286  150
  242287  130
  242288  119
  242289  127
  242290  82
  242291  97
  242292  78
  242293  85
  242294  70
  242295  69
  242296  62
  242297  78
  242298  65
  242299  50
  242300  48
  242301  48
  242302  30
  242303  46
  242304  36
  242305  24
  242306  27
  242307  22
  242308  24
  242309  19
  242310  28
  242311  16
  242312  13
  242313  12
  242314  11
  242315  16
  242316  10
  242317  9
  242318  7
  242319  8
  242320  2
  242321  4
  242322  4
  242323  7
  242324  3
  242325  4
  242326  9
  242327  4
  242328  4
  242329  2
  242330  2
  242332  2
  242335  2
  242342  1
  242349  1
  242351  1
  286582  1
  286610  1
  286612  3
  286613  3
  286615  1
  286616  1
  286617  5
  286618  6
  286619  4
  286620  2
  286621  4
  286622  2
  286623  1
  286624  9
  286625  7
  286626  7
  286627  10
  286628  8
  286629  10
  286630  8
  286631  12
  286632  13
  286633  16
  286634  13
  286635  13
  286636  10
  286637  21
  286638  18
  286639  18
  286640  25
  286641  33
  286642  32
  286643  30
  286644  18
  286645  32
  286646  26
  286647  51
  286648  45
  286649  35
  286650  39
  286651  45
  286652  32
  286653  56
  286654  66
  286655  70
  286656  78
  286657  73
  286658  68
  286659  89
  286660  63
  286661  72
  286662  90
  286663  91
  286664  89
  286665  113
  286666  101
  286667  113
  286668  99
  286669  101
  286670  94
  286671  120
  286672  113
  286673  109
  286674  120
  286675  122
  286676  118
  286677  140
  286678  131
  286679  153
  286680  141
  286681  140
  286682  138
  286683  145
  286684  129
  286685  145
  286686  134
  286687  156
  286688  148
  286689  144
  286690  143
  286691  141
  286692  157
  286693  158
  286694  167
  286695  145
  286696  153
  286697  155
  286698  150
  286699  137
  286700  125
  286701  112
  286702  124
  286703  126
  286704  133
  286705  122
  286706  101
  286707  118
  286708  105
  286709  112
  286710  98
  286711  94
  286712  108
  286713  101
  286714  94
  286715  86
  286716  68
  286717  61
  286718  89
  286719  74
  286720  64
  286721  44
  286722  62
  286723  44
  286724  53
  286725  55
  286726  55
  286727  47
  286728  48
  286729  31
  286730  40
  286731  42
  286732  23
  286733  27
  286734  26
  286735  30
  286736  26
  286737  20
  286738  18
  286739  19
  286740  12
  286741  22
  286742  21
  286743  8
  286744  19
  286745  15
  286746  12
  286747  5
  286748  8
  286749  5
  286750  4
  286751  8
  286752  3
  286753  7
  286754  10
  286755  3
  286756  3
  286757  1
  286758  4
  286759  2
  286760  4
  286762  3
  286763  2
  286765  3
  286770  3
  286771  1
  286772  2
  286773  1
  286787  1
  355879  1
  355880  1
  355890  2
  355891  1
  355893  1
  355894  1
  355895  1
  355896  3
  355897  1
  355898  2
  355899  2
  355900  1
  355902  1
  355903  2
  355904  5
  355905  2
  355906  5
  355907  1
  355908  3
  355909  1
  355910  6
  355911  3
  355912  5
  355913  6
  355914  14
  355915  7
  355916  11
  355917  10
  355918  5
  355919  7
  355920  11
  355921  18
  355922  19
  355923  18
  355924  18
  355925  22
  355926  26
  355927  16
  355928  29
  355929  34
  355930  23
  355931  31
  355932  32
  355933  46
  355934  45
  355935  41
  355936  39
  355937  37
  355938  44
  355939  57
  355940  53
  355941  52
  355942  60
  355943  54
  355944  57
  355945  67
  355946  66
  355947  89
  355948  71
  355949  85
  355950  91
  355951  79
  355952  99
  355953  106
  355954  100
  355955  105
  355956  83
  355957  111
  355958  126
  355959  113
  355960  117
  355961  123
  355962  138
  355963  140
  355964  118
  355965  143
  355966  117
  355967  140
  355968  137
  355969  107
  355970  153
  355971  137
  355972  114
  355973  148
  355974  153
  355975  125
  355976  146
  355977  141
  355978  143
  355979  129
  355980  142
  355981  124
  355982  144
  355983  118
  355984  138
  355985  111
  355986  115
  355987  114
  355988  131
  355989  129
  355990  134
  355991  93
  355992  114
  355993  101
  355994  86
  355995  100
  355996  102
  355997  95
  355998  83
  355999  78
  356000  74
  356001  86
  356002  69
  356003  82
  356004  98
  356005  49
  356006  53
  356007  57
  356008  59
  356009  43
  356010  51
  356011  51
  356012  40
  356013  42
  356014  38
  356015  42
  356016  34
  356017  30
  356018  34
  356019  23
  356020  34
  356021  24
  356022  26
  356023  20
  356024  17
  356025  22
  356026  14
  356027  17
  356028  12
  356029  6
  356030  15
  356031  11
  356032  14
  356033  11
  356034  7
  356035  11
  356036  6
  356037  5
  356038  3
  356039  6
  356040  6
  356041  4
  356042  3
  356043  3
  356044  5
  356045  1
  356046  5
  356047  2
  356049  2
  356050  1
  356051  1
  356052  4
  356053  2
  356055  1
  356062  1
  356063  1
  356069  1
  356076  1
  356077  1
  467924  1
  467926  1
  467936  1
  467937  2
  467938  1
  467939  1
  467941  1
  467942  2
  467943  1
  467944  2
  467945  3
  467946  1
  467947  4
  467948  2
  467949  2
  467950  3
  467951  4
  467952  8
  467953  8
  467954  6
  467955  5
  467956  5
  467957  5
  467958  8
  467959  8
  467960  6
  467961  14
  467962  19
  467963  23
  467964  14
  467965  17
  467966  26
  467967  24
  467968  34
  467969  22
  467970  22
  467971  33
  467972  31
  467973  47
  467974  38
  467975  42
  467976  41
  467977  53
  467978  45
  467979  51
  467980  62
  467981  67
  467982  56
  467983  82
  467984  101
  467985  78
  467986  107
  467987  108
  467988  115
  467989  105
  467990  141
  467991  130
  467992  145
  467993  140
  467994  131
  467995  169
  467996  154
  467997  162
  467998  174
  467999  189
  468000  199
  468001  228
  468002  213
  468003  228
  468004  225
  468005  231
  468006  230
  468007  226
  468008  233
  468009  232
  468010  272
  468011  291
  468012  295
  468013  272
  468014  279
  468015  297
  468016  287
  468017  291
  468018  295
  468019  303
  468020  304
  468021  302
  468022  308
  468023  350
  468024  343
  468025  337
  468026  310
  468027  325
  468028  317
  468029  306
  468030  315
  468031  298
  468032  262
  468033  294
  468034  317
  468035  297
  468036  268
  468037  284
  468038  252
  468039  269
  468040  253
  468041  260
  468042  238
  468043  282
  468044  257
  468045  260
  468046  203
  468047  202
  468048  198
  468049  183
  468050  198
  468051  169
  468052  170
  468053  205
  468054  147
  468055  125
  468056  160
  468057  129
  468058  136
  468059  137
  468060  119
  468061  110
  468062  101
  468063  98
  468064  98
  468065  80
  468066  78
  468067  82
  468068  69
  468069  72
  468070  50
  468071  53
  468072  62
  468073  49
  468074  50
  468075  56
  468076  33
  468077  43
  468078  29
  468079  38
  468080  29
  468081  23
  468082  23
  468083  17
  468084  26
  468085  15
  468086  17
  468087  9
  468088  16
  468089  15
  468090  7
  468091  8
  468092  7
  468093  6
  468094  8
  468095  7
  468096  5
  468097  8
  468098  4
  468099  7
  468100  2
  468101  2
  468102  2
  468103  3
  468104  2
  468106  2
  468107  1
  468108  3
  468109  2
  468111  3
  468112  1
  468113  1
  468116  1
  468119  1
  468137  1
  485425  1
  485431  1
  485436  1
  485441  1
  485445  2
  485446  1
  485448  1
  485452  1
  485453  2
  485454  2
  485455  1
  485456  2
  485457  3
  485458  2
  485459  3
  485460  1
  485461  5
  485462  9
  485463  4
  485464  3
  485465  7
  485466  8
  485467  8
  485468  8
  485469  9
  485470  10
  485471  16
  485472  16
  485473  16
  485474  17
  485475  16
  485476  21
  485477  19
  485478  27
  485479  20
  485480  22
  485481  31
  485482  19
  485483  34
  485484  26
  485485  23
  485486  27
  485487  37
  485488  45
  485489  42
  485490  50
  485491  52
  485492  54
  485493  57
  485494  56
  485495  50
  485496  61
  485497  54
  485498  58
  485499  66
  485500  71
  485501  86
  485502  90
  485503  67
  485504  88
  485505  70
  485506  112
  485507  80
  485508  99
  485509  109
  485510  122
  485511  112
  485512  107
  485513  112
  485514  114
  485515  114
  485516  123
  485517  102
  485518  128
  485519  111
  485520  126
  485521  110
  485522  129
  485523  121
  485524  111
  485525  145
  485526  125
  485527  133
  485528  138
  485529  126
  485530  116
  485531  122
  485532  122
  485533  116
  485534  113
  485535  98
  485536  102
  485537  94
  485538  109
  485539  111
  485540  97
  485541  106
  485542  116
  485543  89
  485544  88
  485545  113
  485546  74
  485547  81
  485548  90
  485549  73
  485550  78
  485551  65
  485552  80
  485553  73
  485554  61
  485555  65
  485556  52
  485557  70
  485558  54
  485559  53
  485560  34
  485561  39
  485562  52
  485563  35
  485564  29
  485565  29
  485566  30
  485567  30
  485568  29
  485569  18
  485570  19
  485571  30
  485572  21
  485573  25
  485574  12
  485575  16
  485576  24
  485577  16
  485578  12
  485579  13
  485580  13
  485581  12
  485582  8
  485583  11
  485584  14
  485585  4
  485586  6
  485587  8
  485588  5
  485589  2
  485590  3
  485591  2
  485592  7
  485593  5
  485594  3
  485595  2
  485596  2
  485597  1
  485598  1
  485599  3
  485605  1
  485606  1
  485608  2
  485615  1
  485639  1
  485661  1
  485682  1
  485683  1
  485691  1
  485693  2
  485694  1
  485695  2
  485696  2
  485697  1
  485698  2
  485699  4
  485700  3
  485701  6
  485702  3
  485703  5
  485704  6
  485705  3
  485706  5
  485707  6
  485708  5
  485709  7
  485710  10
  485711  10
  485712  15
  485713  13
  485714  19
  485715  17
  485716  10
  485717  19
  485718  17
  485719  26
  485720  29
  485721  22
  485722  35
  485723  36
  485724  27
  485725  31
  485726  38
  485727  49
  485728  48
  485729  51
  485730  61
  485731  65
  485732  73
  485733  84
  485734  85
  485735  83
  485736  101
  485737  113
  485738  130
  485739  114
  485740  121
  485741  118
  485742  131
  485743  134
  485744  153
  485745  155
  485746  159
  485747  183
  485748  185
  485749  212
  485750  188
  485751  209
  485752  206
  485753  231
  485754  249
  485755  240
  485756  264
  485757  272
  485758  257
  485759  273
  485760  317
  485761  294
  485762  315
  485763  329
  485764  326
  485765  316
  485766  325
  485767  332
  485768  340
  485769  335
  485770  359
  485771  320
  485772  346
  485773  365
  485774  371
  485775  394
  485776  362
  485777  373
  485778  362
  485779  378
  485780  383
  485781  376
  485782  368
  485783  346
  485784  394
  485785  368
  485786  320
  485787  340
  485788  340
  485789  386
  485790  316
  485791  300
  485792  321
  485793  315
  485794  300
  485795  286
  485796  290
  485797  269
  485798  265
  485799  247
  485800  241
  485801  230
  485802  239
  485803  235
  485804  202
  485805  174
  485806  188
  485807  207
  485808  178
  485809  180
  485810  127
  485811  153
  485812  144
  485813  159
  485814  110
  485815  109
  485816  119
  485817  112
  485818  85
  485819  82
  485820  80
  485821  77
  485822  84
  485823  65
  485824  66
  485825  66
  485826  64
  485827  56
  485828  39
  485829  45
  485830  43
  485831  27
  485832  30
  485833  42
  485834  29
  485835  24
  485836  23
  485837  21
  485838  19
  485839  21
  485840  14
  485841  14
  485842  16
  485843  14
  485844  11
  485845  11
  485846  8
  485847  3
  485848  9
  485849  3
  485850  5
  485851  2
  485852  6
  485853  4
  485854  1
  485855  3
  485856  1
  485857  1
  485858  1
  485859  1
  485860  2
  485862  2
  485863  2
  485864  2
  485867  3
  485869  1
  485870  1
  518651  1
  518666  1
  518672  1
  518675  1
  518677  1
  518678  2
  518679  1
  518680  1
  518681  1
  518683  1
  518685  1
  518687  3
  518688  3
  518689  4
  518690  2
  518691  3
  518692  7
  518693  2
  518694  3
  518695  2
  518696  3
  518697  2
  518698  8
  518699  12
  518700  3
  518701  11
  518702  11
  518703  10
  518704  7
  518705  7
  518706  17
  518707  10
  518708  20
  518709  10
  518710  19
  518711  19
  518712  17
  518713  27
  518714  26
  518715  21
  518716  27
  518717  31
  518718  36
  518719  31
  518720  31
  518721  30
  518722  35
  518723  44
  518724  43
  518725  46
  518726  52
  518727  53
  518728  53
  518729  70
  518730  56
  518731  66
  518732  61
  518733  71
  518734  83
  518735  72
  518736  78
  518737  82
  518738  77
  518739  76
  518740  104
  518741  86
  518742  88
  518743  96
  518744  105
  518745  89
  518746  91
  518747  117
  518748  113
  518749  109
  518750  85
  518751  110
  518752  86
  518753  118
  518754  108
  518755  108
  518756  100
  518757  115
  518758  114
  518759  124
  518760  122
  518761  109
  518762  115
  518763  123
  518764  123
  518765  98
  518766  97
  518767  90
  518768  111
  518769  91
  518770  102
  518771  122
  518772  83
  518773  100
  518774  88
  518775  101
  518776  88
  518777  78
  518778  91
  518779  80
  518780  68
  518781  59
  518782  72
  518783  51
  518784  66
  518785  66
  518786  57
  518787  42
  518788  40
  518789  42
  518790  52
  518791  45
  518792  43
  518793  44
  518794  39
  518795  41
  518796  32
  518797  30
  518798  38
  518799  32
  518800  30
  518801  14
  518802  25
  518803  18
  518804  13
  518805  18
  518806  13
  518807  13
  518808  12
  518809  14
  518810  12
  518811  9
  518812  7
  518813  6
  518814  10
  518815  10
  518816  7
  518817  7
  518818  8
  518819  4
  518820  6
  518821  4
  518822  7
  518823  6
  518824  8
  518825  3
  518826  4
  518827  4
  518828  1
  518830  1
  518831  3
  518832  2
  518833  1
  518834  2
  518839  1
  518841  1
  518842  1
  518848  1
  518850  1
  531860  1
  531864  1
  531865  1
  531866  1
  531868  2
  531869  1
  531870  1
  531871  2
  531872  4
  531873  2
  531874  2
  531876  1
  531877  1
  531878  2
  531880  2
  531881  5
  531882  4
  531883  5
  531884  6
  531885  2
  531886  8
  531887  9
  531888  6
  531889  12
  531890  9
  531891  10
  531892  16
  531893  21
  531894  14
  531895  14
  531896  18
  531897  23
  531898  27
  531899  32
  531900  21
  531901  43
  531902  36
  531903  47
  531904  53
  531905  51
  531906  58
  531907  61
  531908  50
  531909  69
  531910  82
  531911  109
  531912  80
  531913  110
  531914  111
  531915  100
  531916  148
  531917  142
  531918  165
  531919  160
  531920  161
  531921  185
  531922  198
  531923  206
  531924  228
  531925  251
  531926  258
  531927  250
  531928  290
  531929  292
  531930  295
  531931  336
  531932  324
  531933  349
  531934  408
  531935  405
  531936  411
  531937  432
  531938  491
  531939  500
  531940  498
  531941  510
  531942  509
  531943  542
  531944  574
  531945  637
  531946  575
  531947  613
  531948  620
  531949  684
  531950  642
  531951  687
  531952  619
  531953  671
  531954  769
  531955  692
  531956  720
  531957  724
  531958  736
  531959  747
  531960  730
  531961  733
  531962  733
  531963  743
  531964  713
  531965  763
  531966  712
  531967  718
  531968  767
  531969  698
  531970  704
  531971  678
  531972  665
  531973  659
  531974  638
  531975  667
  531976  656
  531977  622
  531978  629
  531979  624
  531980  581
  531981  570
  531982  546
  531983  523
  531984  515
  531985  510
  531986  504
  531987  431
  531988  443
  531989  450
  531990  412
  531991  391
  531992  310
  531993  328
  531994  343
  531995  319
  531996  295
  531997  281
  531998  259
  531999  253
  532000  233
  532001  222
  532002  201
  532003  195
  532004  178
  532005  177
  532006  150
  532007  153
  532008  138
  532009  145
  532010  136
  532011  113
  532012  113
  532013  93
  532014  89
  532015  77
  532016  74
  532017  63
  532018  52
  532019  61
  532020  47
  532021  56
  532022  37
  532023  40
  532024  36
  532025  42
  532026  37
  532027  24
  532028  27
  532029  28
  532030  19
  532031  11
  532032  14
  532033  14
  532034  10
  532035  11
  532036  13
  532037  6
  532038  11
  532039  9
  532040  5
  532041  6
  532042  5
  532043  7
  532044  4
  532045  3
  532046  3
  532047  8
  532048  1
  532050  1
  532051  3
  532053  2
  532054  1
  532056  1
  532059  1
  532061  2
  532067  1
  543445  1
  543447  1
  543450  2
  543453  1
  543455  1
  543456  1
  543459  3
  543463  1
  543464  1
  543466  1
  543467  1
  543469  1
  543470  2
  543472  5
  543473  4
  543474  5
  543475  7
  543476  5
  543477  5
  543478  9
  543479  7
  543480  7
  543481  6
  543482  13
  543483  9
  543484  8
  543485  9
  543486  12
  543487  15
  543488  12
  543489  13
  543490  20
  543491  23
  543492  17
  543493  22
  543494  22
  543495  23
  543496  34
  543497  27
  543498  32
  543499  27
  543500  42
  543501  40
  543502  44
  543503  47
  543504  44
  543505  47
  543506  55
  543507  46
  543508  56
  543509  55
  543510  58
  543511  67
  543512  52
  543513  71
  543514  78
  543515  72
  543516  74
  543517  90
  543518  98
  543519  77
  543520  77
  543521  78
  543522  109
  543523  124
  543524  108
  543525  113
  543526  112
  543527  124
  543528  100
  543529  118
  543530  121
  543531  123
  543532  118
  543533  103
  543534  134
  543535  126
  543536  134
  543537  133
  543538  133
  543539  123
  543540  137
  543541  133
  543542  116
  543543  114
  543544  109
  543545  130
  543546  136
  543547  120
  543548  127
  543549  122
  543550  123
  543551  102
  543552  105
  543553  130
  543554  114
  543555  95
  543556  107
  543557  107
  543558  131
  543559  105
  543560  99
  543561  87
  543562  97
  543563  84
  543564  98
  543565  67
  543566  87
  543567  76
  543568  72
  543569  80
  543570  64
  543571  73
  543572  68
  543573  60
  543574  40
  543575  52
  543576  42
  543577  39
  543578  41
  543579  38
  543580  37
  543581  39
  543582  34
  543583  33
  543584  21
  543585  25
  543586  23
  543587  19
  543588  23
  543589  11
  543590  26
  543591  19
  543592  17
  543593  17
  543594  20
  543595  15
  543596  11
  543597  11
  543598  8
  543599  12
  543600  9
  543601  10
  543602  7
  543603  9
  543604  7
  543605  4
  543606  5
  543607  7
  543608  1
  543609  4
  543610  3
  543611  2
  543612  3
  543613  2
  543614  3
  543615  2
  543616  2
  543617  1
  543618  1
  543620  1
  543621  1
  543625  1
  543628  1
  543632  1
  543651  1
  870116  1
  870117  1
  870120  1
  870127  2
  870130  1
  870131  1
  870133  1
  870134  1
  870135  2
  870136  1
  870137  1
  870138  1
  870139  1
  870140  7
  870141  2
  870142  8
  870143  4
  870144  4
  870145  1
  870146  5
  870147  7
  870148  7
  870149  11
  870150  4
  870151  11
  870152  10
  870153  12
  870154  15
  870155  14
  870156  18
  870157  12
  870158  19
  870159  20
  870160  22
  870161  28
  870162  36
  870163  30
  870164  34
  870165  38
  870166  58
  870167  44
  870168  44
  870169  57
  870170  69
  870171  75
  870172  61
  870173  84
  870174  101
  870175  73
  870176  102
  870177  93
  870178  110
  870179  126
  870180  128
  870181  138
  870182  157
  870183  170
  870184  171
  870185  169
  870186  166
  870187  175
  870188  197
  870189  226
  870190  239
  870191  262
  870192  258
  870193  245
  870194  292
  870195  317
  870196  309
  870197  335
  870198  332
  870199  343
  870200  407
  870201  371
  870202  423
  870203  406
  870204  423
  870205  459
  870206  444
  870207  425
  870208  480
  870209  459
  870210  499
  870211  487
  870212  490
  870213  507
  870214  499
  870215  489
  870216  520
  870217  540
  870218  558
  870219  554
  870220  533
  870221  588
  870222  570
  870223  558
  870224  575
  870225  583
  870226  576
  870227  553
  870228  543
  870229  543
  870230  517
  870231  534
  870232  511
  870233  525
  870234  486
  870235  493
  870236  452
  870237  456
  870238  466
  870239  495
  870240  436
  870241  417
  870242  371
  870243  391
  870244  362
  870245  321
  870246  358
  870247  341
  870248  315
  870249  311
  870250  344
  870251  265
  870252  282
  870253  271
  870254  273
  870255  234
  870256  218
  870257  218
  870258  215
  870259  196
  870260  179
  870261  183
  870262  159
  870263  157
  870264  151
  870265  123
  870266  129
  870267  136
  870268  105
  870269  88
  870270  93
  870271  98
  870272  64
  870273  59
  870274  73
  870275  69
  870276  56
  870277  54
  870278  45
  870279  42
  870280  51
  870281  37
  870282  38
  870283  32
  870284  26
  870285  20
  870286  29
  870287  22
  870288  21
  870289  23
  870290  17
  870291  10
  870292  9
  870293  10
  870294  8
  870295  9
  870296  6
  870297  3
  870298  10
  870299  6
  870300  8
  870301  4
  870302  3
  870303  6
  870304  6
  870305  1
  870306  2
  870307  2
  870308  1
  870309  1
  870311  1
  870312  1
  870315  1
  870319  1
  941816  1
  941817  1
  941820  1
  941821  1
  941824  1
  941825  1
  941826  1
  941828  1
  941829  2
  941830  5
  941831  2
  941832  2
  941833  1
  941834  1
  941835  2
  941836  1
  941837  5
  941838  8
  941839  10
  941840  5
  941841  10
  941842  8
  941843  8
  941844  12
  941845  6
  941846  9
  941847  11
  941848  18
  941849  21
  941850  17
  941851  17
  941852  22
  941853  29
  941854  20
  941855  24
  941856  31
  941857  31
  941858  28
  941859  39
  941860  57
  941861  50
  941862  56
  941863  61
  941864  61
  941865  63
  941866  73
  941867  78
  941868  65
  941869  70
  941870  82
  941871  97
  941872  97
  941873  96
  941874  108
  941875  118
  941876  118
  941877  113
  941878  122
  941879  119
  941880  150
  941881  145
  941882  144
  941883  168
  941884  156
  941885  169
  941886  167
  941887  180
  941888  196
  941889  226
  941890  233
  941891  205
  941892  181
  941893  220
  941894  231
  941895  202
  941896  209
  941897  236
  941898  223
  941899  232
  941900  213
  941901  245
  941902  250
  941903  264
  941904  241
  941905  228
  941906  233
  941907  257
  941908  227
  941909  240
  941910  232
  941911  236
  941912  236
  941913  260
  941914  226
  941915  249
  941916  240
  941917  235
  941918  235
  941919  226
  941920  223
  941921  196
  941922  210
  941923  195
  941924  171
  941925  188
  941926  195
  941927  181
  941928  161
  941929  168
  941930  167
  941931  158
  941932  153
  941933  150
  941934  135
  941935  133
  941936  118
  941937  115
  941938  93
  941939  92
  941940  102
  941941  103
  941942  82
  941943  93
  941944  74
  941945  77
  941946  70
  941947  72
  941948  67
  941949  55
  941950  48
  941951  61
  941952  48
  941953  37
  941954  38
  941955  44
  941956  38
  941957  24
  941958  36
  941959  37
  941960  29
  941961  19
  941962  19
  941963  19
  941964  19
  941965  21
  941966  16
  941967  14
  941968  7
  941969  10
  941970  10
  941971  8
  941972  11
  941973  5
  941974  7
  941975  12
  941976  9
  941977  3
  941978  6
  941979  1
  941980  5
  941981  2
  941982  4
  941983  1
  941984  1
  941986  2
  941987  2
  941989  2
  941990  1
  941991  1
  941992  2
  941993  1
  942005  1
  942009  1
  967530  1
  967532  1
  967535  1
  967537  1
  967538  1
  967539  1
  967540  1
  967541  2
  967542  3
  967543  2
  967544  1
  967545  2
  967546  1
  967547  4
  967548  6
  967549  6
  967550  8
  967551  7
  967552  4
  967553  4
  967554  4
  967555  6
  967556  4
  967557  10
  967558  9
  967559  20
  967560  19
  967561  20
  967562  26
  967563  24
  967564  26
  967565  28
  967566  41
  967567  29
  967568  40
  967569  36
  967570  31
  967571  52
  967572  56
  967573  70
  967574  76
  967575  64
  967576  90
  967577  97
  967578  122
  967579  124
  967580  139
  967581  162
  967582  182
  967583  209
  967584  164
  967585  198
  967586  223
  967587  248
  967588  263
  967589  313
  967590  326
  967591  329
  967592  384
  967593  395
  967594  426
  967595  478
  967596  474
  967597  513
  967598  539
  967599  573
  967600  635
  967601  718
  967602  719
  967603  741
  967604  827
  967605  850
  967606  923
  967607  984
  967608  1054
  967609  1081
  967610  1065
  967611  1186
  967612  1256
  967613  1336
  967614  1310
  967615  1313
  967616  1437
  967617  1472
  967618  1572
  967619  1559
  967620  1630
  967621  1714
  967622  1807
  967623  1745
  967624  1865
  967625  1843
  967626  1990
  967627  1940
  967628  1955
  967629  2005
  967630  2074
  967631  2049
  967632  2107
  967633  2233
  967634  2185
  967635  2187
  967636  2114
  967637  2202
  967638  2241
  967639  2252
  967640  2187
  967641  2240
  967642  2301
  967643  2184
  967644  2071
  967645  2149
  967646  2132
  967647  2139
  967648  2120
  967649  2111
  967650  2038
  967651  2060
  967652  1977
  967653  1941
  967654  1797
  967655  1823
  967656  1762
  967657  1740
  967658  1714
  967659  1523
  967660  1580
  967661  1522
  967662  1510
  967663  1351
  967664  1346
  967665  1358
  967666  1209
  967667  1248
  967668  1159
  967669  1105
  967670  1027
  967671  958
  967672  977
  967673  850
  967674  811
  967675  787
  967676  763
  967677  702
  967678  655
  967679  596
  967680  588
  967681  561
  967682  520
  967683  463
  967684  453
  967685  415
  967686  388
  967687  374
  967688  330
  967689  321
  967690  284
  967691  264
  967692  240
  967693  209
  967694  207
  967695  189
  967696  175
  967697  141
  967698  153
  967699  131
  967700  109
  967701  103
  967702  104
  967703  110
  967704  64
  967705  72
  967706  71
  967707  53
  967708  63
  967709  50
  967710  41
  967711  41
  967712  42
  967713  41
  967714  22
  967715  19
  967716  22
  967717  18
  967718  8
  967719  11
  967720  9
  967721  6
  967722  11
  967723  12
  967724  6
  967725  6
  967726  5
  967727  5
  967728  6
  967729  4
  967730  2
  967731  1
  967732  3
  967733  2
  967735  1
  967736  1
  967737  2
  967739  1
  967740  2
  967745  1
  967747  2
  990354  1
  990356  1
  990365  1
  990368  1
  990369  1
  990371  1
  990373  5
  990377  1
  990378  2
  990379  1
  990380  2
  990381  2
  990382  2
  990383  2
  990384  3
  990385  4
  990386  4
  990387  6
  990388  1
  990389  3
  990390  8
  990391  5
  990392  5
  990393  6
  990394  7
  990395  7
  990396  14
  990397  14
  990398  24
  990399  14
  990400  20
  990401  10
  990402  25
  990403  21
  990404  31
  990405  23
  990406  25
  990407  31
  990408  28
  990409  34
  990410  22
  990411  46
  990412  38
  990413  46
  990414  38
  990415  37
  990416  69
  990417  51
  990418  58
  990419  65
  990420  77
  990421  77
  990422  76
  990423  85
  990424  71
  990425  83
  990426  99
  990427  96
  990428  97
  990429  108
  990430  119
  990431  105
  990432  114
  990433  111
  990434  124
  990435  127
  990436  111
  990437  121
  990438  159
  990439  142
  990440  138
  990441  118
  990442  135
  990443  162
  990444  149
  990445  149
  990446  159
  990447  153
  990448  159
  990449  187
  990450  168
  990451  131
  990452  182
  990453  178
  990454  170
  990455  201
  990456  148
  990457  161
  990458  156
  990459  186
  990460  186
  990461  150
  990462  188
  990463  164
  990464  139
  990465  172
  990466  144
  990467  143
  990468  165
  990469  138
  990470  166
  990471  145
  990472  130
  990473  115
  990474  139
  990475  127
  990476  105
  990477  121
  990478  108
  990479  112
  990480  113
  990481  104
  990482  80
  990483  88
  990484  93
  990485  74
  990486  80
  990487  71
  990488  59
  990489  60
  990490  67
  990491  69
  990492  56
  990493  51
  990494  41
  990495  47
  990496  35
  990497  42
  990498  30
  990499  36
  990500  35
  990501  34
  990502  29
  990503  19
  990504  22
  990505  20
  990506  25
  990507  16
  990508  19
  990509  20
  990510  16
  990511  11
  990512  11
  990513  10
  990514  10
  990515  5
  990516  13
  990517  5
  990518  3
  990519  5
  990520  6
  990521  4
  990522  6
  990523  4
  990524  4
  990525  3
  990526  2
  990527  2
  990528  2
  990529  3
  990530  2
  990531  2
  990532  2
  990533  1
  990534  1
  990535  1
  990536  1
  990537  1
  990538  1
  990547  1
  990550  1
  990552  1
  998302  1
  998306  1
  998311  1
  998315  1
  998316  1
  998319  2
  998320  1
  998321  1
  998322  3
  998323  2
  998324  1
  998325  2
  998326  5
  998327  5
  998328  3
  998329  2
  998330  6
  998331  9
  998332  6
  998333  7
  998334  5
  998335  11
  998336  7
  998337  5
  998338  8
  998339  12
  998340  15
  998341  14
  998342  18
  998343  15
  998344  19
  998345  13
  998346  13
  998347  28
  998348  23
  998349  25
  998350  25
  998351  27
  998352  32
  998353  30
  998354  36
  998355  47
  998356  47
  998357  39
  998358  53
  998359  62
  998360  60
  998361  59
  998362  57
  998363  75
  998364  86
  998365  70
  998366  68
  998367  107
  998368  78
  998369  104
  998370  101
  998371  96
  998372  101
  998373  128
  998374  134
  998375  113
  998376  126
  998377  132
  998378  147
  998379  135
  998380  107
  998381  146
  998382  169
  998383  148
  998384  177
  998385  149
  998386  179
  998387  196
  998388  185
  998389  184
  998390  193
  998391  188
  998392  184
  998393  203
  998394  180
  998395  198
  998396  174
  998397  216
  998398  226
  998399  221
  998400  186
  998401  216
  998402  210
  998403  198
  998404  215
  998405  197
  998406  201
  998407  196
  998408  200
  998409  151
  998410  194
  998411  174
  998412  169
  998413  181
  998414  174
  998415  175
  998416  152
  998417  176
  998418  134
  998419  139
  998420  163
  998421  140
  998422  135
  998423  155
  998424  126
  998425  129
  998426  123
  998427  104
  998428  107
  998429  102
  998430  90
  998431  86
  998432  77
  998433  83
  998434  85
  998435  66
  998436  79
  998437  68
  998438  61
  998439  56
  998440  55
  998441  53
  998442  50
  998443  51
  998444  39
  998445  27
  998446  47
  998447  29
  998448  38
  998449  24
  998450  22
  998451  23
  998452  16
  998453  19
  998454  10
  998455  17
  998456  15
  998457  12
  998458  9
  998459  13
  998460  5
  998461  18
  998462  9
  998463  8
  998464  9
  998465  3
  998466  6
  998467  4
  998468  3
  998469  6
  998470  4
  998471  1
  998472  2
  998473  8
  998474  3
  998475  3
  998476  1
  998479  3
  998480  4
  998481  1
  998483  1
  998485  1
  1022805  1
  1022812  1
  1022817  1
  1022822  1
  1022823  1
  1022824  4
  1022825  1
  1022827  3
  1022828  1
  1022830  1
  1022831  1
  1022832  2
  1022833  2
  1022834  7
  1022835  4
  1022836  2
  1022837  7
  1022838  5
  1022839  5
  1022840  4
  1022841  4
  1022842  7
  1022843  8
  1022844  9
  1022845  6
  1022846  12
  1022847  13
  1022848  16
  1022849  17
  1022850  14
  1022851  19
  1022852  20
  1022853  25
  1022854  24
  1022855  16
  1022856  25
  1022857  25
  1022858  24
  1022859  33
  1022860  40
  1022861  28
  1022862  35
  1022863  41
  1022864  38
  1022865  45
  1022866  54
  1022867  53
  1022868  47
  1022869  62
  1022870  63
  1022871  78
  1022872  67
  1022873  79
  1022874  89
  1022875  75
  1022876  86
  1022877  101
  1022878  110
  1022879  105
  1022880  134
  1022881  121
  1022882  116
  1022883  109
  1022884  127
  1022885  126
  1022886  130
  1022887  161
  1022888  124
  1022889  156
  1022890  145
  1022891  145
  1022892  153
  1022893  156
  1022894  148
  1022895  173
  1022896  158
  1022897  186
  1022898  182
  1022899  180
  1022900  203
  1022901  196
  1022902  158
  1022903  182
  1022904  194
  1022905  171
  1022906  178
  1022907  161
  1022908  185
  1022909  162
  1022910  202
  1022911  169
  1022912  175
  1022913  175
  1022914  183
  1022915  159
  1022916  183
  1022917  180
  1022918  161
  1022919  167
  1022920  165
  1022921  190
  1022922  146
  1022923  167
  1022924  139
  1022925  107
  1022926  136
  1022927  137
  1022928  118
  1022929  113
  1022930  115
  1022931  110
  1022932  109
  1022933  104
  1022934  103
  1022935  84
  1022936  101
  1022937  85
  1022938  82
  1022939  91
  1022940  59
  1022941  76
  1022942  71
  1022943  57
  1022944  60
  1022945  60
  1022946  50
  1022947  53
  1022948  56
  1022949  49
  1022950  30
  1022951  31
  1022952  34
  1022953  32
  1022954  33
  1022955  16
  1022956  25
  1022957  24
  1022958  21
  1022959  25
  1022960  15
  1022961  17
  1022962  11
  1022963  11
  1022964  13
  1022965  14
  1022966  14
  1022967  7
  1022968  15
  1022969  8
  1022970  8
  1022971  3
  1022972  3
  1022973  6
  1022974  5
  1022975  3
  1022976  3
  1022977  2
  1022978  4
  1022979  1
  1022980  1
  1022981  3
  1022982  2
  1022983  1
  1022984  1
  1022985  1
  1022986  1
  1022988  1
  1022991  2
  1022997  1
